Probeset ID	Gene Symbol	1_1	1_2	2_1	2_2	3_1	3_2	Mean(Cntl)	Mean(siETV4)	Ratio(siETV4 vs. Cntl)	Fold-Change(siETV4 vs. Cntl)	log2FoldChange	p-value	q-value
PSR19025918.hg.1	A1BG	8.66755	8.57167	8.67935	8.73928	8.8101	8.67708	8.719	8.66267	0.961711	-1.03981	-0.056323333	0.5347865	0.725553
PSR19025921.hg.1	A1BG	7.41787	7.17961	7.40133	7.6528	7.28002	7.49215	7.36641	7.44152	1.05344	1.05344	0.075113333	0.5820691	0.7383465
PSR19025922.hg.1	A1BG	7.50871	7.57826	7.30645	7.61757	7.62477	7.35605	7.47998	7.51729	1.02621	1.02621	0.037316667	0.7582407	0.779675
PSR19025925.hg.1	A1BG	7.63027	7.58905	7.47073	7.30594	7.72141	7.62109	7.60747	7.50536	0.93167	-1.07334	-0.10211	0.4111732	0.6843703
PSR19025926.hg.1	A1BG	5.81209	5.89395	5.54714	5.50756	5.68944	5.82583	5.68289	5.74245	1.04215	1.04215	0.059556667	0.6550312	0.7570314
PSR19025927.hg.1	A1BG	6.36444	6.68116	6.4564	6.72256	6.32783	6.10419	6.38289	6.50264	1.08654	1.08654	0.119746667	0.5002532	0.7148393
PSR19025928.hg.1	A1BG	6.81897	6.76408	6.71385	6.55553	6.81366	6.75598	6.78216	6.69186	0.939329	-1.06459	-0.090296667	0.3521274	0.6606918
PSR19025929.hg.1	A1BG	8.45677	8.48843	8.44105	8.35951	8.52791	8.5048	8.47524	8.45091	0.983278	-1.01701	-0.02433	0.7716908	0.7822665
PSR19025930.hg.1	A1BG	6.86999	7.02037	6.87301	6.80701	6.86267	6.85536	6.86856	6.89425	1.01797	1.01797	0.02569	0.7720515	0.7823363
PSR19013233.hg.1	A1BG-AS1	7.08364	6.81108	6.98058	6.70364	6.85819	6.65799	6.97414	6.72424	0.840952	-1.18913	-0.2499	0.02997736	0.3577892
PSR19013235.hg.1	A1BG-AS1	6.55169	6.35594	6.37204	6.43176	6.53112	6.39524	6.48495	6.39432	0.939112	-1.06484	-0.090636667	0.3146458	0.6438243
PSR19013236.hg.1	A1BG-AS1	6.42098	5.92741	6.46143	6.36713	6.25817	6.65999	6.38019	6.31818	0.957924	-1.04392	-0.062016667	0.742372	0.7767089
PSR19013238.hg.1	A1BG-AS1	6.55256	6.26905	6.05462	6.37006	6.3857	6.27689	6.33096	6.30533	0.982393	-1.01792	-0.025626667	0.8526376	0.7982435
PSR10016187.hg.1	A1CF	4.39551	4.4128	4.48891	3.8779	4.40729	4.20923	4.43057	4.16665	0.832818	-1.20074	-0.263926667	0.09847779	0.4901903
PSR10016189.hg.1	A1CF	2.22709	1.74741	2.17525	2.77462	2.22434	2.06779	2.2089	2.19661	0.99152	-1.00855	-0.012286667	0.9605482	0.8161234
PSR10016192.hg.1	A1CF	4.05694	4.15024	4.51479	4.696	4.45213	4.06405	4.34129	4.30343	0.9741	-1.02659	-0.037856667	0.8531562	0.7983456
PSR10016193.hg.1	A1CF	5.14533	4.79428	4.97694	4.20572	5.0364	4.38298	5.05289	4.46099	0.663469	-1.50723	-0.591896667	0.006204818	0.2137842
PSR10016195.hg.1	A1CF	5.67608	5.81998	5.52724	5.43367	5.85521	5.33501	5.68618	5.52955	0.897123	-1.11467	-0.156623333	0.3307682	0.6511383
PSR10016196.hg.1	A1CF	4.82375	4.63189	4.71561	4.58095	4.98903	4.59215	4.8428	4.60166	0.84608	-1.18192	-0.241133333	0.03554679	0.3757722
PSR10016198.hg.1	A1CF	5.08012	4.88168	5.27115	5.1436	5.17936	5.02278	5.17688	5.01602	0.894492	-1.11795	-0.160856667	0.1496612	0.5422661
PSR10016199.hg.1	A1CF	2.82705	2.57131	2.72896	2.96776	2.67514	2.67395	2.74372	2.73767	0.99582	-1.0042	-0.006043333	0.9607665	0.8161982
PSR10016201.hg.1	A1CF	2.59519	2.69456	2.46142	2.82832	2.33583	2.83893	2.46415	2.78727	1.25103	1.25103	0.323123333	0.01222547	0.2695072
PSR10016202.hg.1	A1CF	4.62433	4.69624	4.37146	4.49959	4.54178	4.53593	4.51252	4.57725	1.04589	1.04589	0.06473	0.5405714	0.7271126
PSR10016204.hg.1	A1CF	2.44025	2.61669	2.46506	2.68597	2.72541	2.58653	2.54357	2.62973	1.06154	1.06154	0.086156667	0.4201384	0.6875295
PSR10016205.hg.1	A1CF	5.00948	5.29082	5.3475	5.61216	5.25552	5.62612	5.20417	5.5097	1.23587	1.23587	0.305533333	0.05417161	0.4217912
PSR10016208.hg.1	A1CF	1.96957	2.6095	1.80976	2.296	2.33328	1.99016	2.03754	2.29855	1.19832	1.19832	0.261016667	0.2153517	0.5903433
PSR10016209.hg.1	A1CF	6.51947	6.47089	6.25771	6.22807	6.47958	6.6721	6.41892	6.45702	1.02676	1.02676	0.0381	0.7849035	0.7849761
PSR10016210.hg.1	A1CF	6.39725	6.21335	6.13608	6.0666	6.53058	6.67358	6.35464	6.31784	0.974819	-1.02583	-0.036793333	0.841809	0.7962851
PSR10016211.hg.1	A1CF	3.78397	3.67779	3.76162	2.49725	3.03204	3.60018	3.52588	3.2584	0.830774	-1.2037	-0.26747	0.4693303	0.7048965
PSR13009396.hg.1	A2LD1	6.47911	6.49338	6.12495	6.21054	6.64815	6.68693	6.4174	6.46362	1.03255	1.03255	0.046213333	0.7949732	0.7870201
PSR13009398.hg.1	A2LD1	5.63915	5.44934	5.41793	5.27121	5.75414	5.75051	5.60374	5.49035	0.924414	-1.08177	-0.113386667	0.4652889	0.7034123
PSR13009399.hg.1	A2LD1	6.93252	6.50657	6.8458	6.77258	6.50338	6.69302	6.76057	6.65739	0.930981	-1.07414	-0.103176667	0.4693342	0.7048965
PSR13009401.hg.1	A2LD1	7.92664	7.82731	7.83992	8.09737	7.82589	7.98036	7.86415	7.96835	1.07489	1.07489	0.104196667	0.306869	0.6400291
PSR13009405.hg.1	A2LD1	6.13876	6.23919	5.57091	6.20753	6.27193	6.14452	5.99387	6.19708	1.15126	1.15126	0.203213333	0.2906434	0.6321421
PSR13009407.hg.1	A2LD1	8.2133	8.05772	8.09583	8.07296	8.28137	8.14391	8.19683	8.09153	0.929608	-1.07572	-0.105303333	0.2475273	0.6099398
PSR13009408.hg.1	A2LD1	8.84418	9.05934	8.6859	8.74162	9.12054	9.05789	8.88354	8.95295	1.04928	1.04928	0.06941	0.6420453	0.7538228
PSR13009409.hg.1	A2LD1	1.48526	1.58031	2.15392	1.36928	1.44837	1.35368	1.69585	1.43442	0.834263	-1.19866	-0.261426667	0.2208285	0.5940024
PSR13009410.hg.1	A2LD1	5.49253	5.38294	5.46799	5.56991	5.49715	5.37857	5.48589	5.44381	0.971251	-1.0296	-0.042083333	0.6352908	0.7520463
PSR13009412.hg.1	A2LD1	7.21689	6.9635	7.16079	7.16575	7.3592	7.18301	7.24563	7.10409	0.906552	-1.10308	-0.14154	0.1938866	0.5764485
PSR13009413.hg.1	A2LD1	4.1472	4.76089	4.78298	4.75704	4.93867	4.64645	4.62295	4.72146	1.07067	1.07067	0.09851	0.6333591	0.7516191
PSR12015719.hg.1	A2M	4.46081	4.03292	3.98285	3.95521	4.48575	3.89101	4.30981	3.95971	0.784534	-1.27464	-0.35009	0.04661135	0.4062292
PSR12015721.hg.1	A2M	2.77919	3.33603	3.09088	2.94089	2.57856	3.18158	2.81621	3.15283	1.26279	1.26279	0.336623333	0.0709046	0.4528627
PSR12015722.hg.1	A2M	3.47963	3.73239	3.88808	4.01482	3.96552	3.51304	3.77774	3.75342	0.983279	-1.01701	-0.024326667	0.8919445	0.8048782
PSR12015725.hg.1	A2M	5.46188	5.7672	5.9992	5.73923	5.43192	5.82504	5.631	5.77716	1.10662	1.10662	0.146156667	0.3822499	0.6733145
PSR12015726.hg.1	A2M	4.75624	4.386	5.05919	4.93186	4.67234	4.5832	4.82926	4.63369	0.873229	-1.14518	-0.19557	0.2746274	0.6237547
PSR12015727.hg.1	A2M	3.51642	3.69011	3.99954	3.2673	3.77298	3.88968	3.76298	3.6157	0.90295	-1.10748	-0.147283333	0.4577204	0.7008028
PSR12015728.hg.1	A2M	5.85533	6.05565	5.6229	5.72946	5.82879	5.67167	5.76901	5.81893	1.03521	1.03521	0.04992	0.7056832	0.7692833
PSR12015729.hg.1	A2M	6.4544	6.13583	6.45921	6.49456	6.42214	6.48553	6.44525	6.37197	0.950474	-1.05211	-0.073276667	0.5395283	0.7270097
PSR12015730.hg.1	A2M	5.83262	5.61841	5.72296	5.31356	5.5926	5.64559	5.71606	5.52585	0.876479	-1.14093	-0.190206667	0.1528796	0.5450223
PSR12015731.hg.1	A2M	5.63408	5.72722	6.19703	5.96109	5.73613	5.96019	5.85575	5.88283	1.01895	1.01895	0.027086667	0.8698593	0.801237
PSR12015732.hg.1	A2M	5.73438	6.12645	5.9042	5.55457	5.72787	5.95797	5.78882	5.87966	1.065	1.065	0.090846667	0.5694138	0.7348354
PSR12015733.hg.1	A2M	4.85173	4.76062	4.87876	5.09981	5.108	4.95906	4.94616	4.93983	0.995619	-1.0044	-0.006333333	0.9590497	0.8159026
PSR12015734.hg.1	A2M	5.46805	5.17677	5.03583	5.26296	5.10532	5.10983	5.20306	5.18318	0.986315	-1.01387	-0.01988	0.8804086	0.8029763
PSR12015735.hg.1	A2M	4.657	5.00935	4.69153	4.22559	4.63088	4.91989	4.65981	4.71828	1.04136	1.04136	0.058473333	0.7784234	0.7836147
PSR12015737.hg.1	A2M	4.57916	3.81105	4.31864	4.08439	4.37165	4.35162	4.42315	4.08235	0.789604	-1.26646	-0.340796667	0.05654208	0.4271138
PSR12015738.hg.1	A2M	3.5893	4.34965	3.67084	3.64522	3.82667	3.94642	3.6956	3.98043	1.21826	1.21826	0.284826667	0.1515935	0.5440605
PSR12015739.hg.1	A2M	3.06633	2.58256	2.95039	2.43022	2.66935	2.72037	2.89536	2.57772	0.802381	-1.24629	-0.31764	0.04393151	0.3993912
PSR12015740.hg.1	A2M	4.62221	5.00845	4.44387	4.96556	4.741	4.18306	4.60236	4.71902	1.08422	1.08422	0.116663333	0.6182302	0.7479052
PSR12015741.hg.1	A2M	7.68357	7.7615	7.81538	7.67544	7.65573	7.65069	7.71823	7.69588	0.984628	-1.01561	-0.02235	0.79592	0.7871914
PSR12015743.hg.1	A2M	6.89146	6.867	6.83802	7.00218	6.79911	6.65222	6.84286	6.84047	0.99834	-1.00166	-0.002396667	0.9825746	0.8193722
PSR12015744.hg.1	A2M	5.57109	5.51412	5.20173	5.3584	5.52843	5.3293	5.43375	5.40061	0.977287	-1.02324	-0.033143333	0.79118	0.7862754
PSR12015745.hg.1	A2M	3.30077	3.18124	3.4193	2.92071	2.29841	3.29667	3.00616	3.13287	1.0918	1.0918	0.126713333	0.674846	0.7621011
PSR12015746.hg.1	A2M	4.79185	4.69384	4.69103	4.55824	4.35188	4.24745	4.61159	4.49985	0.92547	-1.08053	-0.111743333	0.5017689	0.7152493
PSR12015748.hg.1	A2M	7.59889	7.85753	7.59037	7.92985	7.53394	8.03552	7.5744	7.94097	1.28928	1.28928	0.366566667	0.002793595	0.1562976
PSR12015749.hg.1	A2M	4.41248	4.70466	4.30716	4.93085	4.74991	4.89338	4.48985	4.84296	1.27732	1.27732	0.353113333	0.03310723	0.3686843
PSR12015750.hg.1	A2M	5.93938	5.87028	5.67921	5.4567	5.73982	5.67574	5.78614	5.66757	0.921103	-1.08565	-0.118563333	0.3870898	0.6751913
PSR12015751.hg.1	A2M	4.71886	4.67495	4.64939	4.31821	4.30651	4.28327	4.55826	4.42548	0.912072	-1.09641	-0.132776667	0.4107812	0.6842201
PSR12015752.hg.1	A2M	5.20916	4.91363	5.01417	5.03483	5.01952	4.76017	5.08095	4.90287	0.883879	-1.13138	-0.178073333	0.1306834	0.525333
PSR12015753.hg.1	A2M	3.5026	3.54406	3.6994	3.32918	3.42541	3.67793	3.54247	3.51706	0.982539	-1.01777	-0.025413333	0.8391578	0.7957928
PSR12015754.hg.1	A2M	3.10512	2.88853	3.69061	3.27765	3.90263	3.22649	3.56612	3.13089	0.739578	-1.35212	-0.43523	0.08116631	0.4681476
PSR12015755.hg.1	A2M	4.11221	4.01477	3.80697	4.17829	4.422	4.22933	4.11373	4.1408	1.01894	1.01894	0.02707	0.8694602	0.8011871
PSR12015756.hg.1	A2M	6.90136	6.78346	6.72609	6.75145	6.88185	6.69671	6.83643	6.74387	0.937859	-1.06626	-0.09256	0.3055159	0.6392891
PSR12015757.hg.1	A2M	2.23685	2.64347	2.34902	2.61321	2.77347	2.46758	2.45311	2.57475	1.08797	1.08797	0.12164	0.4368402	0.693774
PSR12015758.hg.1	A2M	5.85319	6.06686	5.81882	6.01627	5.86084	6.15069	5.84428	6.07794	1.17581	1.17581	0.233656667	0.01849541	0.3073639
PSR12015760.hg.1	A2M	5.11878	5.13926	5.62232	5.05816	5.18628	4.59163	5.30913	4.92968	0.768731	-1.30084	-0.379443333	0.08421958	0.4717827
PSR12015761.hg.1	A2M	3.9792	4.51828	4.00222	3.66223	4.28769	3.62294	4.0897	3.93448	0.897995	-1.11359	-0.15522	0.5432742	0.727759
PSR12015763.hg.1	A2M	6.17429	6.01239	6.47569	6.77372	6.13489	6.41855	6.26162	6.40155	1.10185	1.10185	0.13993	0.5015341	0.7151742
PSR12015765.hg.1	A2M	5.11347	5.02968	5.15292	5.47403	5.00832	5.56227	5.09157	5.35533	1.2006	1.2006	0.263756667	0.1143253	0.5085603
PSR12015770.hg.1	A2M	5.70731	5.38119	5.6241	5.45317	6.01532	5.50161	5.78225	5.44533	0.79173	-1.26306	-0.33692	0.02343417	0.3318088
PSR12015771.hg.1	A2M	4.7355	4.45439	4.80024	4.58554	4.74552	4.45833	4.76042	4.49942	0.834507	-1.19831	-0.261	0.01271904	0.272928
PSR12015772.hg.1	A2M	3.27753	3.23893	2.75385	3.54866	2.73778	3.18961	2.92305	3.32573	1.32196	1.32196	0.40268	0.05279146	0.4182934
PSR12015773.hg.1	A2M	4.41863	4.35427	3.86922	4.44442	4.63126	3.56439	4.30637	4.12103	0.87944	-1.13709	-0.185343333	0.5298716	0.7242511
PSR12015774.hg.1	A2M	4.72313	4.98372	4.45198	3.94179	4.44226	4.85707	4.53912	4.5942	1.03891	1.03891	0.05507	0.842166	0.7963668
PSR12001854.hg.1	A2M-AS1	8.49419	8.34253	8.355	8.28462	8.27528	8.05712	8.37483	8.22809	0.903292	-1.10706	-0.146733333	0.2141774	0.5895955
PSR12001855.hg.1	A2M-AS1	4.08958	4.01687	4.3174	3.1969	4.07156	3.32429	4.15951	3.51269	0.638684	-1.56572	-0.646826667	0.01886548	0.309554
PSR12001856.hg.1	A2M-AS1	3.70286	4.16445	3.91194	4.31356	3.65174	3.78054	3.75551	4.08619	1.2576	1.2576	0.33067	0.0647635	0.4426077
